timestamp_ms=1771516139545
zoom=0.766519
rotation_deg=57.896134
pitch_deg=13.741977
wave_amp=0.827836
paused=0
camera_locked=0
zoom_line_active=0
zoom_line_ax=0.329193
zoom_line_ay=0.487405
zoom_line_bx=0.737840
zoom_line_by=0.474812
label=Unknown
gesture=none
pinch_ratio=0.000000
n_inc_count=2
n_dec_count=0
