timestamp_ms=1771534679561
zoom=1.005615
rotation_deg=70.176337
pitch_deg=26.264748
wave_amp=0.953683
paused=0
camera_locked=1
zoom_line_active=0
zoom_line_ax=0.310606
zoom_line_ay=0.566656
zoom_line_bx=0.677842
zoom_line_by=0.547100
label=Unknown
gesture=none
pinch_ratio=0.000000
n_inc_count=4
n_dec_count=2
