timestamp_ms=1771515981329
zoom=0.871057
rotation_deg=-51.506482
pitch_deg=-0.639939
wave_amp=0.310189
paused=0
camera_locked=0
zoom_line_active=0
zoom_line_ax=0.685247
zoom_line_ay=0.516707
zoom_line_bx=0.406358
zoom_line_by=0.529174
label=Unknown
gesture=none
pinch_ratio=0.000000
n_inc_count=4
n_dec_count=18
