timestamp_ms=1774227139669
zoom=1.584825
rotation_deg=33.068646
pitch_deg=3.781136
wave_amp=1.355482
paused=0
camera_locked=0
zoom_line_active=0
zoom_line_ax=0.237098
zoom_line_ay=0.599733
zoom_line_bx=0.743807
zoom_line_by=0.581482
label=Unknown
gesture=none
pinch_ratio=0.000000
n_inc_count=4
n_dec_count=0
