timestamp_ms=1771961930946
zoom=1.118851
rotation_deg=158.058129
pitch_deg=-2.015606
wave_amp=1.072243
paused=0
camera_locked=0
zoom_line_active=0
zoom_line_ax=0.762300
zoom_line_ay=0.573329
zoom_line_bx=0.260153
zoom_line_by=0.626165
label=Unknown
gesture=none
pinch_ratio=0.000000
n_inc_count=2
n_dec_count=2
