timestamp_ms=1771617097831
zoom=1.369421
rotation_deg=111.944172
pitch_deg=-98.016964
wave_amp=1.052090
paused=0
camera_locked=0
zoom_line_active=0
zoom_line_ax=0.299623
zoom_line_ay=0.453386
zoom_line_bx=0.695239
zoom_line_by=0.416615
label=Unknown
gesture=none
pinch_ratio=0.000000
n_inc_count=27
n_dec_count=11
