timestamp_ms=1773362777697
zoom=2.600000
rotation_deg=-48.485419
pitch_deg=-67.626650
wave_amp=1.800000
paused=0
camera_locked=0
zoom_line_active=0
zoom_line_ax=0.538288
zoom_line_ay=0.857270
zoom_line_bx=0.594101
zoom_line_by=0.753139
label=Unknown
gesture=idle
pinch_ratio=0.000000
n_inc_count=0
n_dec_count=0
