timestamp_ms=1772755270732
zoom=2.539296
rotation_deg=-132.805817
pitch_deg=-144.561028
wave_amp=1.796567
paused=0
camera_locked=0
zoom_line_active=0
zoom_line_ax=0.584214
zoom_line_ay=0.510191
zoom_line_bx=0.282373
zoom_line_by=0.514289
label=Unknown
gesture=none
pinch_ratio=0.000000
n_inc_count=13
n_dec_count=15
