timestamp_ms=1771515315129
zoom=1.201895
rotation_deg=-45.945546
pitch_deg=0.000000
wave_amp=1.054746
paused=0
camera_locked=0
zoom_line_active=0
zoom_line_ax=0.799238
zoom_line_ay=0.740116
zoom_line_bx=0.313853
zoom_line_by=0.595443
label=Unknown
gesture=none
pinch_ratio=0.000000
n_inc_count=3
n_dec_count=14
