timestamp_ms=1771536177820
zoom=0.860303
rotation_deg=-76.518630
pitch_deg=124.917515
wave_amp=0.876299
paused=0
camera_locked=1
zoom_line_active=0
zoom_line_ax=0.602307
zoom_line_ay=0.524413
zoom_line_bx=0.433931
zoom_line_by=0.531522
label=Unknown
gesture=none
pinch_ratio=0.000000
n_inc_count=23
n_dec_count=10
