timestamp_ms=1771618067200
zoom=2.245248
rotation_deg=133.923766
pitch_deg=65.950093
wave_amp=1.585038
paused=0
camera_locked=0
zoom_line_active=0
zoom_line_ax=0.549550
zoom_line_ay=0.515141
zoom_line_bx=0.708197
zoom_line_by=0.542975
label=Unknown
gesture=none
pinch_ratio=0.000000
n_inc_count=15
n_dec_count=14
