timestamp_ms=1771530533979
zoom=2.599946
rotation_deg=41.377274
pitch_deg=-48.589203
wave_amp=1.799973
paused=0
camera_locked=0
zoom_line_active=0
zoom_line_ax=0.734599
zoom_line_ay=0.504212
zoom_line_bx=0.270847
zoom_line_by=0.470996
label=Unknown
gesture=none
pinch_ratio=0.000000
n_inc_count=4
n_dec_count=10
